0,384
0,575
0,243
255,35
10,169
10,29
10,121
10,249
10,93
10,113
10,127
10,289
11,19
11,17
11,11
11,13
11,23
11,25
9,5
8,7
8,14
250,2
250,0
247,2
247,0
244,2
244,0
243,3
243,2
243,0
242,6
242,5
242,4
242,3
242,2
242,1
242,0
239,6
239,5
239,4
239,3
239,2
239,1
239,0
236,4
236,3
236,2
236,1
236,0
235,6
235,5
235,4
235,3
235,2
235,1
235,0
232,4
232,3
232,2
232,1
232,0
20,3
20,2
20,1
19,3
19,2
19,1
18,3
18,1
12,3
12,2
12,1
11,24
11,22
11,20
11,18
11,16
11,10
11,4
11,3
11,2
11,1
10,292
10,264
10,260
10,172
10,144
10,116
10,88
10,82
10,3
10,2
10,1
9,7
9,6
9,4
9,3
9,2
9,1
8,17
8,16
8,15
8,10
8,9
8,5
8,4
8,3
8,2
8,1
3,3
3,2
3,1
2,3
2,2
2,1
244,3
230,3
0,0
